#ifndef HUNDREDNODETRIANGULATION_H
#define HUNDREDNODETRIANGULATION_H

#include "SparseMajorization.h"

class HundredNodeTriangulation
{
	public:
		double ** D;
		Matrix2xN X;
		HundredNodeTriangulation()
		{
			double _X[100][2]= {{0,0},
													{510.4,0},
													{510.4,312.8},
													{0,312.8},
													{445.6403,217.3925},
													{428.3919,236.8062},
													{196.652,311.6744},
													{438.0101,38.36852},
													{474.1256,61.52306},
													{383.8959,140.0279},
													{491.486,57.40752},
													{210.4277,154.0897},
													{451.1189,219.971},
													{482.1494,119.9304},
													{278.6151,224.8746},
													{202.0928,86.12249},
													{164.5707,53.29301},
													{397.4948,27.61901},
													{120.059,271.315},
													{183.5901,178.9844},
													{309.1713,142.6069},
													{427.5496,315.9238},
													{318.514,131.3587},
													{216.9049,277.5793},
													{225.5131,155.1202},
													{49.99826,150.4957},
													{355.0083,165.7168},
													{62.32453,194.5534},
													{36.49453,94.67201},
													{471.8794,309.8136},
													{288.6491,149.2325},
													{246.8143,55.17297},
													{154.471,183.3544},
													{223.6706,74.16144},
													{112.91,247.7524},
													{454.7888,26.18987},
													{429.0393,63.22295},
													{431.5555,165.5374},
													{178.3645,132.7731},
													{445.1576,152.0464},
													{143.8662,24.84298},
													{482.4203,22.56554},
													{318.7741,293.0931},
													{297.7604,254.8765},
													{26.47583,55.98807},
													{10.41321,298.6422},
													{483.0704,122.4358},
													{5.243643,47.17969},
													{498.1207,213.7876},
													{362.8675,18.78351},
													{502.9106,65.70502},
													{341.8613,210.1897},
													{310.5644,11.38743},
													{328.7679,161.2806},
													{351.0883,192.3941},
													{140.9323,209.3284},
													{221.5614,144.0818},
													{363.5022,158.9921},
													{273.3258,135.631},
													{283.4938,121.3106},
													{513.6629,201.9364},
													{96.37582,20.14487},
													{395.6891,299.8121},
													{71.90542,147.4378},
													{99.75953,224.236},
													{284.2303,215.2593},
													{366.0216,260.9683},
													{257.427,29.3995},
													{210.9168,92.39867},
													{238.4975,190.9099},
													{151.3175,28.1384},
													{66.6386,143.5674},
													{462.6656,116.7891},
													{267.5786,158.9049},
													{348.5194,163.9572},
													{315.8994,176.5793},
													{67.18781,108.0095},
													{29.22785,113.2095},
													{12.67739,196.3015},
													{459.5216,210.2539},
													{458.9171,60.98425},
													{165.2456,310.6652},
													{31.54317,190.8472},
													{487.7837,194.552},
													{489.9147,200.3096},
													{50.35426,82.04552},
													{495.0548,302.5658},
													{48.46798,293.597},
													{264.7051,235.2325},
													{82.44649,132.6457},
													{223.4703,204.8983},
													{404.2982,216.9164},
													{51.83094,317.3477},
													{285.8951,123.2436},
													{398.439,51.49109},
													{37.1356,252.6952},
													{203.488,255.6457},
													{364.8346,38.68684},
													{392.9097,49.91021},
													{204.5592,99.63437}
												 };

			X.resize(100);
			for(int i=0;i<2;i++){
				for(int j=0;j<100;j++){
					X[i][j]=_X[j][i];
				}
			}
			D= new double*[100];
			for(int i=0;i<100;i++){
				D[i]=new double[100];
			}
			for(int i=0;i<100;i++){
				for(int j=0;j<100;j++){
					D[i][j]=0;
				}
			}

			D[0][1]=510.399993896484;
			D[0][3]=312.799987792969;
			D[0][44]=61.9324951171875;
			D[0][47]=47.4701919555664;
			D[0][52]=310.773071289063;
			D[0][61]=98.4586944580078;
			D[1][0]=510.399993896484;
			D[1][10]=60.4430465698242;
			D[1][17]=116.234260559082;
			D[1][35]=61.4696044921875;
			D[1][41]=35.9452934265137;
			D[1][49]=148.723403930664;
			D[1][50]=66.130485534668;
			D[1][52]=200.159820556641;
			D[1][60]=201.962707519531;
			D[2][21]=82.9093017578125;
			D[2][29]=38.6361923217773;
			D[2][48]=99.770866394043;
			D[2][60]=110.911636352539;
			D[2][86]=18.4448490142822;
			D[3][0]=312.799987792969;
			D[3][45]=17.5749111175537;
			D[3][47]=265.672058105469;
			D[3][78]=117.18628692627;
			D[3][92]=52.0300712585449;
			D[4][5]=25.9691371917725;
			D[4][12]=6.05501937866211;
			D[4][37]=53.733943939209;
			D[4][79]=15.609356880188;
			D[4][91]=41.344783782959;
			D[5][4]=25.9691371917725;
			D[5][12]=28.2831649780273;
			D[5][21]=79.1220703125;
			D[5][29]=84.9778671264648;
			D[5][62]=70.9874420166016;
			D[5][66]=66.8869247436523;
			D[5][91]=31.2427215576172;
			D[6][21]=230.936630249023;
			D[6][23]=39.6567115783691;
			D[6][42]=123.52759552002;
			D[6][81]=31.4226455688477;
			D[6][92]=144.932174682617;
			D[6][96]=56.4441795349121;
			D[7][17]=41.9170989990234;
			D[7][35]=20.7327213287354;
			D[7][36]=26.4237880706787;
			D[7][80]=30.7989177703857;
			D[7][94]=41.6901588439941;
			D[8][10]=17.8415985107422;
			D[8][13]=58.9558525085449;
			D[8][35]=40.2783355712891;
			D[8][41]=39.8307876586914;
			D[8][50]=29.087230682373;
			D[8][72]=56.4417343139648;
			D[8][80]=15.2180681228638;
			D[9][22]=65.9541549682617;
			D[9][36]=89.0894165039063;
			D[9][37]=54.0570755004883;
			D[9][39]=62.4294776916504;
			D[9][57]=27.8486270904541;
			D[9][72]=82.1261367797852;
			D[9][94]=89.7232666015625;
			D[9][97]=103.11808013916;
			D[9][98]=90.5673294067383;
			D[10][1]=60.4430465698242;
			D[10][8]=17.8415985107422;
			D[10][41]=36.0020904541016;
			D[10][50]=14.119836807251;
			D[11][19]=36.6060676574707;
			D[11][24]=15.120532989502;
			D[11][38]=38.5024833679199;
			D[11][56]=14.9705219268799;
			D[11][69]=46.2994918823242;
			D[11][90]=52.4559326171875;
			D[12][4]=6.05501937866211;
			D[12][5]=28.2831649780273;
			D[12][29]=92.2100372314453;
			D[12][48]=47.406810760498;
			D[12][79]=12.8463468551636;
			D[12][86]=93.5535888671875;
			D[13][8]=58.9558525085449;
			D[13][46]=2.66942524909973;
			D[13][50]=58.0638961791992;
			D[13][72]=19.7353267669678;
			D[14][43]=35.590087890625;
			D[14][65]=11.1348686218262;
			D[14][69]=52.5644874572754;
			D[14][88]=17.3428421020508;
			D[15][16]=49.856616973877;
			D[15][33]=24.6712589263916;
			D[15][38]=52.3384475708008;
			D[15][68]=10.8283805847168;
			D[15][99]=13.7351379394531;
			D[16][15]=49.856616973877;
			D[16][31]=82.26513671875;
			D[16][33]=62.6761245727539;
			D[16][38]=80.6682205200195;
			D[16][40]=35.186351776123;
			D[16][61]=75.8243789672852;
			D[16][67]=95.8812026977539;
			D[16][70]=28.4323711395264;
			D[16][76]=111.70189666748;
			D[16][89]=114.198226928711;
			D[17][1]=116.234260559082;
			D[17][7]=41.9170989990234;
			D[17][35]=57.3118896484375;
			D[17][49]=35.736686706543;
			D[17][94]=23.8907508850098;
			D[17][97]=34.4845008850098;
			D[17][98]=22.7578735351563;
			D[18][34]=24.6232891082764;
			D[18][55]=65.4067001342773;
			D[18][81]=59.9187774658203;
			D[18][87]=74.9784545898438;
			D[18][92]=82.3048477172852;
			D[18][96]=84.8876419067383;
			D[19][11]=36.6060676574707;
			D[19][32]=29.4451885223389;
			D[19][38]=46.5057907104492;
			D[19][55]=52.349235534668;
			D[19][90]=47.5600242614746;
			D[19][96]=79.2014999389648;
			D[20][22]=14.6221294403076;
			D[20][30]=21.5652618408203;
			D[20][53]=27.0690631866455;
			D[20][75]=34.6322555541992;
			D[20][93]=30.2774085998535;
			D[21][2]=82.9093017578125;
			D[21][5]=79.1220703125;
			D[21][6]=230.936630249023;
			D[21][29]=44.748950958252;
			D[21][42]=111.145568847656;
			D[21][62]=35.7025833129883;
			D[21][92]=375.721313476563;
			D[22][9]=65.9541549682617;
			D[22][20]=14.6221294403076;
			D[22][53]=31.6300487518311;
			D[22][57]=52.7972068786621;
			D[22][59]=36.4332313537598;
			D[22][74]=44.3055763244629;
			D[22][93]=33.6132431030273;
			D[22][97]=103.603454589844;
			D[23][6]=39.6567115783691;
			D[23][42]=103.043792724609;
			D[23][43]=83.9823226928711;
			D[23][88]=63.8601341247559;
			D[23][96]=25.7117691040039;
			D[24][11]=15.120532989502;
			D[24][56]=11.72438621521;
			D[24][58]=51.6322364807129;
			D[24][69]=38.0722389221191;
			D[24][73]=42.2354316711426;
			D[25][27]=45.7495193481445;
			D[25][63]=22.1195449829102;
			D[25][71]=18.0250282287598;
			D[25][77]=42.6810302734375;
			D[25][78]=59.0848197937012;
			D[25][82]=44.3715744018555;
			D[26][54]=26.9637756347656;
			D[26][57]=10.8336505889893;
			D[26][74]=6.72323989868164;
			D[27][25]=45.7495193481445;
			D[27][63]=48.0798606872559;
			D[27][64]=47.7748260498047;
			D[27][82]=31.0036792755127;
			D[27][95]=63.3636436462402;
			D[28][44]=39.9602508544922;
			D[28][47]=56.8518981933594;
			D[28][76]=33.4659004211426;
			D[28][77]=19.91086769104;
			D[28][85]=18.7488803863525;
			D[29][2]=38.6361923217773;
			D[29][5]=84.9778671264648;
			D[29][12]=92.2100372314453;
			D[29][21]=44.748950958252;
			D[29][86]=24.2823276519775;
			D[30][20]=21.5652618408203;
			D[30][58]=20.4891300201416;
			D[30][73]=23.1845073699951;
			D[30][75]=38.6060028076172;
			D[30][93]=26.1344661712646;
			D[31][16]=82.26513671875;
			D[31][33]=29.9364700317383;
			D[31][52]=77.338493347168;
			D[31][59]=75.627799987793;
			D[31][67]=27.8729572296143;
			D[32][19]=29.4451885223389;
			D[32][38]=55.9407005310059;
			D[32][55]=29.2906761169434;
			D[32][63]=90.039306640625;
			D[32][89]=88.0845947265625;
			D[33][15]=24.6712589263916;
			D[33][16]=62.6761245727539;
			D[33][31]=29.9364700317383;
			D[33][59]=76.1698913574219;
			D[33][68]=22.2543792724609;
			D[34][18]=24.6232891082764;
			D[34][55]=47.5568313598633;
			D[34][64]=26.94358253479;
			D[34][87]=79.0854568481445;
			D[34][95]=75.9354553222656;
			D[35][1]=61.4696044921875;
			D[35][7]=20.7327213287354;
			D[35][8]=40.2783355712891;
			D[35][17]=57.3118896484375;
			D[35][41]=27.8682136535645;
			D[35][80]=35.0384254455566;
			D[36][7]=26.4237880706787;
			D[36][9]=89.0894165039063;
			D[36][72]=63.2460517883301;
			D[36][80]=29.9614696502686;
			D[36][94]=32.7721748352051;
			D[37][4]=53.733943939209;
			D[37][9]=54.0570755004883;
			D[37][39]=19.1578826904297;
			D[37][57]=68.3672866821289;
			D[37][79]=52.7415428161621;
			D[37][91]=58.1615371704102;
			D[38][11]=38.5024833679199;
			D[38][15]=52.3384475708008;
			D[38][16]=80.6682205200195;
			D[38][19]=46.5057907104492;
			D[38][32]=55.9407005310059;
			D[38][56]=44.6526489257813;
			D[38][89]=95.9181137084961;
			D[38][99]=42.2414245605469;
			D[39][9]=62.4294776916504;
			D[39][37]=19.1578826904297;
			D[39][46]=48.105770111084;
			D[39][72]=39.3650360107422;
			D[39][79]=59.9535903930664;
			D[39][83]=60.1972389221191;
			D[40][16]=35.186351776123;
			D[40][52]=167.240341186523;
			D[40][61]=47.7222023010254;
			D[40][67]=113.652214050293;
			D[40][70]=8.14753246307373;
			D[41][1]=35.9452934265137;
			D[41][8]=39.8307876586914;
			D[41][10]=36.0020904541016;
			D[41][35]=27.8682136535645;
			D[42][6]=123.52759552002;
			D[42][21]=111.145568847656;
			D[42][23]=103.043792724609;
			D[42][43]=43.6129302978516;
			D[42][62]=77.2079162597656;
			D[42][66]=57.1343727111816;
			D[43][14]=35.590087890625;
			D[43][23]=83.9823226928711;
			D[43][42]=43.6129302978516;
			D[43][51]=62.7837867736816;
			D[43][65]=41.8639221191406;
			D[43][66]=68.5325393676758;
			D[43][88]=38.451732635498;
			D[44][0]=61.9324951171875;
			D[44][28]=39.9602508544922;
			D[44][47]=22.9868106842041;
			D[44][61]=78.5540771484375;
			D[44][85]=35.3435974121094;
			D[45][3]=17.5749111175537;
			D[45][78]=102.36580657959;
			D[45][87]=38.387752532959;
			D[45][92]=45.4458541870117;
			D[45][95]=53.1527557373047;
			D[46][13]=2.66942524909973;
			D[46][39]=48.105770111084;
			D[46][50]=60.1000823974609;
			D[46][60]=85.1835250854492;
			D[46][72]=21.1716938018799;
			D[46][83]=72.2700042724609;
			D[47][0]=47.4701919555664;
			D[47][3]=265.672058105469;
			D[47][28]=56.8518981933594;
			D[47][44]=22.9868106842041;
			D[47][77]=70.2508163452148;
			D[47][78]=149.306930541992;
			D[48][2]=99.770866394043;
			D[48][12]=47.406810760498;
			D[48][60]=19.5451583862305;
			D[48][79]=38.7604827880859;
			D[48][84]=15.7796297073364;
			D[48][86]=88.8310775756836;
			D[49][1]=148.723403930664;
			D[49][17]=35.736686706543;
			D[49][52]=52.8235054016113;
			D[49][97]=20.0002975463867;
			D[50][1]=66.130485534668;
			D[50][8]=29.087230682373;
			D[50][10]=14.119836807251;
			D[50][13]=58.0638961791992;
			D[50][46]=60.1000823974609;
			D[50][60]=136.654983520508;
			D[51][43]=62.7837867736816;
			D[51][54]=20.0454349517822;
			D[51][65]=57.8534698486328;
			D[51][66]=56.2333602905273;
			D[51][75]=42.4697036743164;
			D[51][91]=62.7983016967773;
			D[52][0]=310.773071289063;
			D[52][1]=200.159820556641;
			D[52][31]=77.338493347168;
			D[52][40]=167.240341186523;
			D[52][49]=52.8235054016113;
			D[52][59]=113.207374572754;
			D[52][61]=214.367492675781;
			D[52][67]=56.1071357727051;
			D[52][97]=60.7496452331543;
			D[53][20]=27.0690631866455;
			D[53][22]=31.6300487518311;
			D[53][54]=38.2916450500488;
			D[53][74]=19.9320011138916;
			D[53][75]=19.9913082122803;
			D[54][26]=26.9637756347656;
			D[54][51]=20.0454349517822;
			D[54][53]=38.2916450500488;
			D[54][57]=35.6342239379883;
			D[54][74]=28.5527153015137;
			D[54][75]=38.5793800354004;
			D[54][91]=58.5887794494629;
			D[55][18]=65.4067001342773;
			D[55][19]=52.349235534668;
			D[55][32]=29.2906761169434;
			D[55][34]=47.5568313598633;
			D[55][63]=92.7100677490234;
			D[55][64]=43.788516998291;
			D[55][96]=77.8363952636719;
			D[56][11]=14.9705219268799;
			D[56][24]=11.72438621521;
			D[56][38]=44.6526489257813;
			D[56][58]=52.4496765136719;
			D[56][68]=52.7679710388184;
			D[56][99]=47.5883941650391;
			D[57][9]=27.8486270904541;
			D[57][22]=52.7972068786621;
			D[57][26]=10.8336505889893;
			D[57][37]=68.3672866821289;
			D[57][54]=35.6342239379883;
			D[57][74]=15.7840633392334;
			D[57][91]=70.8487243652344;
			D[58][24]=51.6322364807129;
			D[58][30]=20.4891300201416;
			D[58][56]=52.4496765136719;
			D[58][59]=17.5631351470947;
			D[58][68]=75.9204940795898;
			D[58][73]=23.9729557037354;
			D[58][93]=17.6475391387939;
			D[59][22]=36.4332313537598;
			D[59][31]=75.627799987793;
			D[59][33]=76.1698913574219;
			D[59][52]=113.207374572754;
			D[59][58]=17.5631351470947;
			D[59][68]=78.1237564086914;
			D[59][93]=3.08263492584229;
			D[59][97]=115.943984985352;
			D[60][1]=201.962707519531;
			D[60][2]=110.911636352539;
			D[60][46]=85.1835250854492;
			D[60][48]=19.5451583862305;
			D[60][50]=136.654983520508;
			D[60][83]=26.9120960235596;
			D[60][84]=23.8038234710693;
			D[61][0]=98.4586944580078;
			D[61][16]=75.8243789672852;
			D[61][40]=47.7222023010254;
			D[61][44]=78.5540771484375;
			D[61][52]=214.367492675781;
			D[61][76]=92.5858154296875;
			D[61][85]=77.1341247558594;
			D[62][5]=70.9874420166016;
			D[62][21]=35.7025833129883;
			D[62][42]=77.2079162597656;
			D[62][66]=48.8774070739746;
			D[63][25]=22.1195449829102;
			D[63][27]=48.0798606872559;
			D[63][32]=90.039306640625;
			D[63][55]=92.7100677490234;
			D[63][64]=81.6933898925781;
			D[63][71]=6.53599548339844;
			D[63][89]=18.1636714935303;
			D[64][27]=47.7748260498047;
			D[64][34]=26.94358253479;
			D[64][55]=43.788516998291;
			D[64][63]=81.6933898925781;
			D[64][95]=68.787239074707;
			D[65][14]=11.1348686218262;
			D[65][43]=41.8639221191406;
			D[65][51]=57.8534698486328;
			D[65][69]=51.8110237121582;
			D[65][73]=58.7630805969238;
			D[65][75]=49.9906425476074;
			D[66][5]=66.8869247436523;
			D[66][42]=57.1343727111816;
			D[66][43]=68.5325393676758;
			D[66][51]=56.2333602905273;
			D[66][62]=48.8774070739746;
			D[66][91]=58.3580474853516;
			D[67][16]=95.8812026977539;
			D[67][31]=27.8729572296143;
			D[67][40]=113.652214050293;
			D[67][52]=56.1071357727051;
			D[67][70]=106.116989135742;
			D[68][15]=10.8283805847168;
			D[68][33]=22.2543792724609;
			D[68][56]=52.7679710388184;
			D[68][58]=75.9204940795898;
			D[68][59]=78.1237564086914;
			D[68][99]=9.6319580078125;
			D[69][11]=46.2994918823242;
			D[69][14]=52.5644874572754;
			D[69][24]=38.0722389221191;
			D[69][65]=51.8110237121582;
			D[69][73]=43.2438125610352;
			D[69][88]=51.4911041259766;
			D[69][90]=20.5303554534912;
			D[70][16]=28.4323711395264;
			D[70][40]=8.14753246307373;
			D[70][67]=106.116989135742;
			D[71][25]=18.0250282287598;
			D[71][63]=6.53599548339844;
			D[71][76]=35.5621490478516;
			D[71][77]=48.1785011291504;
			D[71][89]=19.2138614654541;
			D[72][8]=56.4417343139648;
			D[72][9]=82.1261367797852;
			D[72][13]=19.7353267669678;
			D[72][36]=63.2460517883301;
			D[72][39]=39.3650360107422;
			D[72][46]=21.1716938018799;
			D[72][80]=55.9306373596191;
			D[73][24]=42.2354316711426;
			D[73][30]=23.1845073699951;
			D[73][58]=23.9729557037354;
			D[73][65]=58.7630805969238;
			D[73][69]=43.2438125610352;
			D[73][75]=51.4517555236816;
			D[74][22]=44.3055763244629;
			D[74][26]=6.72323989868164;
			D[74][53]=19.9320011138916;
			D[74][54]=28.5527153015137;
			D[74][57]=15.7840633392334;
			D[75][20]=34.6322555541992;
			D[75][30]=38.6060028076172;
			D[75][51]=42.4697036743164;
			D[75][53]=19.9913082122803;
			D[75][54]=38.5793800354004;
			D[75][65]=49.9906425476074;
			D[75][73]=51.4517555236816;
			D[76][16]=111.70189666748;
			D[76][28]=33.4659004211426;
			D[76][61]=92.5858154296875;
			D[76][71]=35.5621490478516;
			D[76][77]=38.3144760131836;
			D[76][85]=30.943452835083;
			D[76][89]=28.9788017272949;
			D[77][25]=42.6810302734375;
			D[77][28]=19.91086769104;
			D[77][47]=70.2508163452148;
			D[77][71]=48.1785011291504;
			D[77][76]=38.3144760131836;
			D[77][78]=84.7242126464844;
			D[78][3]=117.18628692627;
			D[78][25]=59.0848197937012;
			D[78][45]=102.36580657959;
			D[78][47]=149.306930541992;
			D[78][77]=84.7242126464844;
			D[78][82]=19.6383857727051;
			D[78][95]=61.4691619873047;
			D[79][4]=15.609356880188;
			D[79][12]=12.8463468551636;
			D[79][37]=52.7415428161621;
			D[79][39]=59.9535903930664;
			D[79][48]=38.7604827880859;
			D[79][83]=32.3310203552246;
			D[79][84]=31.9785842895508;
			D[80][7]=30.7989177703857;
			D[80][8]=15.2180681228638;
			D[80][35]=35.0384254455566;
			D[80][36]=29.9614696502686;
			D[80][72]=55.9306373596191;
			D[81][6]=31.4226455688477;
			D[81][18]=59.9187774658203;
			D[81][92]=113.611366271973;
			D[81][96]=67.0046234130859;
			D[82][25]=44.3715744018555;
			D[82][27]=31.0036792755127;
			D[82][78]=19.6383857727051;
			D[82][95]=62.1003036499023;
			D[83][39]=60.1972389221191;
			D[83][46]=72.2700042724609;
			D[83][60]=26.9120960235596;
			D[83][79]=32.3310203552246;
			D[83][84]=6.13928365707397;
			D[84][48]=15.7796297073364;
			D[84][60]=23.8038234710693;
			D[84][79]=31.9785842895508;
			D[84][83]=6.13928365707397;
			D[85][28]=18.7488803863525;
			D[85][44]=35.3435974121094;
			D[85][61]=77.1341247558594;
			D[85][76]=30.943452835083;
			D[86][2]=18.4448490142822;
			D[86][12]=93.5535888671875;
			D[86][29]=24.2823276519775;
			D[86][48]=88.8310775756836;
			D[87][18]=74.9784545898438;
			D[87][34]=79.0854568481445;
			D[87][45]=38.387752532959;
			D[87][92]=23.9876384735107;
			D[87][95]=42.4426918029785;
			D[88][14]=17.3428421020508;
			D[88][23]=63.8601341247559;
			D[88][43]=38.451732635498;
			D[88][69]=51.4911041259766;
			D[88][90]=51.1906127929688;
			D[88][96]=64.5309371948242;
			D[89][16]=114.198226928711;
			D[89][32]=88.0845947265625;
			D[89][38]=95.9181137084961;
			D[89][63]=18.1636714935303;
			D[89][71]=19.2138614654541;
			D[89][76]=28.9788017272949;
			D[90][11]=52.4559326171875;
			D[90][19]=47.5600242614746;
			D[90][69]=20.5303554534912;
			D[90][88]=51.1906127929688;
			D[90][96]=54.5398178100586;
			D[91][4]=41.344783782959;
			D[91][5]=31.2427215576172;
			D[91][37]=58.1615371704102;
			D[91][51]=62.7983016967773;
			D[91][54]=58.5887794494629;
			D[91][57]=70.8487243652344;
			D[91][66]=58.3580474853516;
			D[92][3]=52.0300712585449;
			D[92][6]=144.932174682617;
			D[92][18]=82.3048477172852;
			D[92][21]=375.721313476563;
			D[92][45]=45.4458541870117;
			D[92][81]=113.611366271973;
			D[92][87]=23.9876384735107;
			D[93][20]=30.2774085998535;
			D[93][22]=33.6132431030273;
			D[93][30]=26.1344661712646;
			D[93][58]=17.6475391387939;
			D[93][59]=3.08263492584229;
			D[94][7]=41.6901588439941;
			D[94][9]=89.7232666015625;
			D[94][17]=23.8907508850098;
			D[94][36]=32.7721748352051;
			D[94][98]=5.75091123580933;
			D[95][27]=63.3636436462402;
			D[95][34]=75.9354553222656;
			D[95][45]=53.1527557373047;
			D[95][64]=68.787239074707;
			D[95][78]=61.4691619873047;
			D[95][82]=62.1003036499023;
			D[95][87]=42.4426918029785;
			D[96][6]=56.4441795349121;
			D[96][18]=84.8876419067383;
			D[96][19]=79.2014999389648;
			D[96][23]=25.7117691040039;
			D[96][55]=77.8363952636719;
			D[96][81]=67.0046234130859;
			D[96][88]=64.5309371948242;
			D[96][90]=54.5398178100586;
			D[97][9]=103.11808013916;
			D[97][17]=34.4845008850098;
			D[97][22]=103.603454589844;
			D[97][49]=20.0002975463867;
			D[97][52]=60.7496452331543;
			D[97][59]=115.943984985352;
			D[97][98]=30.235279083252;
			D[98][9]=90.5673294067383;
			D[98][17]=22.7578735351563;
			D[98][94]=5.75091123580933;
			D[98][97]=30.235279083252;
			D[99][15]=13.7351379394531;
			D[99][38]=42.2414245605469;
			D[99][56]=47.5883941650391;
			D[99][68]=9.6319580078125;
		}
};


#endif // HUNDREDNODETRIANGULATION_H
